ΧΧΧ. De 661616 sanctorum 56111116661661

6611666 6611. 69 66161 61666 11661666, 666616, 6. l. corr. cauere.
7066166 6161611666, 73 6666666611 L'uc. 12, 5. 83 1611 16611110.
86 6616611, s. 1. corr. 8911116661 6611666 11666166 G. 97 66666611
1611. 19, 11. 1021611166161616161661 i. e. martyr. Donata. 666616 G·

103111661616116 s. 1. 66661. 6661 Passio 86611116, 66. 1166111666, p. 114.
666 661616661661; suauis G, 6661, 6666616 6611. 106 666161 113611.
2,13. 1166616Ὀ, 109 61666 6661661611 166666 666166666661. 110
6661111’866,7,16, 11166616661611. 1166666611 116 (1. 117666.
6661 117 6616166. 1186611111 61. 666. 1201661661 Ρ6.35,10.
12916 6166 1161661166. 130 66661166 6611 16616221 6661. 611661616
666, 16 1616166, 131 666 66661166 661116616 66666616666616.
14,131 ‚Contigit 6611616611 inopem 111661, 61 6616111 66 6666116 16 616661
Ἀ61611116ς ’16611666 661 661616 61666, 6166661166 661. Nam 666661 ’16116 666
66661166.ἰ 13216116116616111, 133 61116166 134 66616661 616
6166166611 114 aepulabatur 6611161116 155 6661661, 6661.
160 16611661625. 161 161166111661 11666 cunctanter 6111666661 161116
6616616 152 66616, 11661666 6666 mox 1661161 1. 2151 1616116116611.
168 161 praepos. 661. ῦ 666666616616 ’66116666 666. 174 6116611661616161
166, 2,13. 175 rogabis, 6661. 61. 6611. 179 66616611 L'uc. 16, 29.
180 66661 6661 6666 66616666 1666611616116616116666 6616, 187, 181.
184 6166611616... 1666611611661 6 61161 1111661666 616. 183 66611-

616 189 6166666116 61. 66661. 1991661 61666611, 616 61666611
[uc. 16, 30. 200 666 61666611 1161616 6611161661 66666611661166 66616666
6116111 161616661161, 208 1611616611 scripsi, 166611 0: 661 6611166616
66166 661666 uobis, 16661661, 6666616611 6 16116 6666661166 666666,
6666666661. 6616, Ε6611. 16 Ρ6. 63, 615, 666661 6616166 16661111, 209
666161 61 16616 6616616· G. 210 66611 11161111. 28, 13, ’ 2176666 66161-
666 217 sq. 66166 interrogandi 6666661. 220 666661661616166616611
6666 dicere Ὀ 16 666 1166 1666 666666 1666116616 66611111. 221
1166666661 13, 2, ’1161616166 6616 6611. 222 6666616, ’16611116
238 6111166161 G. 246 66661 6611661; 666, 16 16 1166 661. ’ῦζ 219
6666616 6161 661. 616 G; 116161. 19, 21, 256 6666161116. 1166166611,
b in 6 s. 1. 6161. 259 1666616. 261 6161111661 6661661; 61616116 ὓ,

post. 6616616161616. 6611661666. 262 66161 ex 6111 s. 1. 6611. 265
166111 616 fecit? 2661661616 6611 lob. 1, 21. 271 6666611 11661828.

135

 

